1803
 -2.241000  10.875000  -3.970000
 -2.427347  10.858189  -3.799291
 -2.209823  10.841379  -4.325241
 -1.975855  10.824568  -3.624165
 -2.735396  10.807758  -4.057452
 -1.768436  10.790947  -4.270606
 -2.399915  10.774137  -3.378842
 -2.545058  10.757326  -4.555445
 -1.580057  10.740515  -3.728625
 -2.929282  10.723705  -3.685887
 -1.909090  10.706894  -4.679273
 -1.995761  10.690084  -3.188140
 -2.979779  10.673273  -4.398138
 -1.375013  10.656463  -4.160385
 -2.768961  10.639652  -3.219030
 -2.362825  10.622841  -4.910113
 -1.494129  10.606031  -3.340536
 -3.244565  10.589220  -3.928499
 -1.510141  10.572410  -4.697302
 -2.289815  10.555599  -2.914332
 -2.934016  10.538789  -4.800465
 -1.145204  10.521978  -3.822562
 -3.167700  10.505167  -3.325227
 -1.988269  10.488357  -5.093416
 -1.657621  10.471546  -2.951926
 -3.379102  10.454736  -4.333086
 -1.137803  10.437925  -4.479705
 -2.717909  10.421115  -2.830451
 -2.665703  10.404304  -5.150783
 -1.113412  10.387493  -3.377372
 -3.490652  10.370683  -3.640596
 -1.532307  10.353872  -5.072181
 -2.016080  10.337062  -2.661258
 -3.304432  10.320251  -4.793582
 -0.883889  10.303441  -4.082434
 -3.176810  10.286630  -2.958417
 -2.234200  10.269819  -5.363944
 -1.293989  10.253009  -2.926058
 -3.659561  10.236198  -4.101472
 -1.094400  10.219388  -4.840229
 -2.501223  10.202577  -2.539582
 -3.022874  10.185767  -5.212476
 -0.811886  10.168956  -3.578339
 -1.716633  10.135335  -5.384389
 -1.667392  10.118524  -2.560947
 -3.627129  10.101714  -4.626913
 -0.763425  10.084903  -4.425552
 -3.028872  10.068093  -2.625635
 -2.570618  10.051282  -5.504975
 -0.951731  10.034471  -3.054164
 -3.821437  10.017661  -3.773033
 -1.201578  10.000850  -5.191155
 -2.182168   9.984040  -2.356732
 -3.381476   9.967229  -5.127290
 -0.608094   9.950419  -3.886508
 -2.012340   9.916797  -5.608922
 -1.297123   9.899987  -2.599199
 -3.872024   9.883176  -4.345295
 -0.776914   9.866366  -4.799493
 -2.762997   9.849555  -2.360938
 -2.946597   9.832744  -5.516959
 -0.667975   9.815934  -3.302642
 -1.431023   9.782313  -5.493045
 -1.807486   9.765502  -2.292226
 -3.700392   9.748692  -4.918471
 -0.516856   9.731881  -4.257658
 -2.377935   9.698260  -5.726978
 -4.016799   9.664639  -3.987326
 -0.915032   9.647828  -5.161111
 -2.414758   9.631018  -2.189732
 -3.319124   9.614207  -5.405004
 -1.753474   9.563775  -5.715463
 -3.947198   9.530154  -4.612036
 -0.544473   9.513344  -4.651006
 -3.034090   9.496533  -2.317406
 -2.773895   9.479722  -5.728864
 -1.161626   9.429291  -5.473896
 -3.650895   9.395670  -5.181983
 -2.136394   9.345238  -5.837206
 -4.098331   9.311617  -4.238375
 -0.687690   9.294806  -5.028412
 -2.672069   9.277996  -2.137536
 -3.162274   9.261185  -5.614741
 -1.493435   9.210753  -5.708446
 -3.910980   9.177132  -4.868596
 -0.400883   9.160322  -4.435897
 -2.544738   9.126700  -5.846886
 -4.139773   9.093079  -3.831329
 -0.933862   9.076269  -5.355610
 -3.508111   9.042648  -5.394490
 -1.881232   8.992216  -5.843605
 -4.076120   8.958595  -4.492232
 -0.535209   8.941784  -4.824462
 -2.921510   8.924974  -2.187978
 -1.261868   8.857731  -5.603960
 -3.781299   8.824110  -5.086926
 -4.131950   8.740057  -4.085193
 -0.770484   8.723247  -5.161064
 -1.643570   8.639194  -5.752157
 -3.958443   8.605573  -4.718482
 -3.133513   8.571952  -2.330543
 -4.073863   8.521520  -3.682554
 -1.086239   8.504709  -5.416817
 -3.616534   8.437467  -2.758404
 -4.024415   8.387035  -4.321479
 -0.693199   8.370225  -4.912675
 -3.907404   8.302982  -3.319891
 -1.454183   8.286172  -5.569330
 -3.754121   8.252551  -4.886783
 -3.278313   8.218930  -2.554078
 -3.973463   8.168498  -3.932198
 -0.994738   8.151687  -5.162712
 -3.648163   8.084445  -3.031143
 -1.839708   8.067634  -5.604188
 -3.816425   8.034013  -4.506690
 -3.809750   7.949960  -3.589057
 -1.347545   7.933150  -5.301674
 -3.321274   7.865908  -2.847028
 -3.752814   7.815476  -4.139926
 -3.547217   7.731423  -3.331557
 -1.714387   7.714612  -5.309652
 -3.502668   7.680991  -4.598362
 -3.561688   7.596938  -3.831516
 -2.049623   7.496075  -5.170091
 -3.379141   7.462454  -4.255377
 -3.243855   7.378401  -3.636685
 -3.049443   7.327969  -4.518144
 -3.060067   7.243916  -3.993981
 -2.652595   7.193485  -4.540698
 -0.760173   9.807014  -2.950667
 -1.175869   9.755644  -2.410483
 -0.555548   9.721398  -3.382267
 -0.674796   9.670028  -2.563099
 -1.469757   9.618658  -2.137576
 -0.326707   9.584411  -3.044764
 -0.838596   9.533041  -2.175627
 -0.319870   9.498795  -3.700750
 -1.896966   9.481671  -2.054704
 -0.295879   9.447425  -2.600668
 -1.196645   9.396055  -1.886544
 -0.067597   9.361808  -3.304127
 -0.476898   9.310439  -2.151266
 -0.278190   9.276192  -4.059352
 -1.680332   9.259069  -1.766479
  0.002877   9.224822  -2.801774
 -0.849708   9.173452  -1.788634
  0.050236   9.139206  -3.645598
 -2.205390   9.122082  -1.853577
 -0.137769   9.087836  -2.280453
 -0.386726   9.053589  -4.407108
 -1.362468   9.036466  -1.586943
  0.203140   9.002219  -3.108957
 -0.482597   8.950850  -1.829148
  0.034163   8.916603  -4.016437
 -1.939736   8.899480  -1.592987
  0.141719   8.865233  -2.529015
 -0.990533   8.813863  -1.526016
  0.290466   8.779617  -3.477543
 -2.494361   8.762493  -1.819925
 -0.138338   8.728247  -1.993752
 -0.105915   8.694000  -4.373335
 -1.593301   8.676877  -1.426660
  0.333692   8.642630  -2.863933
 -0.606632   8.591261  -1.585864
  0.259074   8.557014  -3.866402
 -2.206242   8.539891  -1.555760
  0.147673   8.505644  -2.262360
 -0.353193   8.471398  -4.679780
 -1.202950   8.454274  -1.370011
  0.419930   8.420028  -3.250143
 -2.741446   8.402904  -1.903375
 -0.249033   8.368658  -1.759407
  0.112882   8.334411  -4.237174
 -1.846574   8.317288  -1.382894
  0.348014   8.283041  -2.608560
 -3.121245   8.265918  -2.426484
 -0.683708   8.248795  -4.906555
 -0.805974   8.231671  -1.428224
  0.392377   8.197425  -3.651126
 -2.448594   8.180302  -1.627619
  0.048904   8.146055  -2.030505
 -1.448437   8.094685  -1.317377
  0.444202   8.060439  -3.000762
 -2.925396   8.043315  -2.073180
 -0.438397   8.009069  -1.596216
 -2.088723   7.957699  -1.443463
  0.260351   7.923452  -2.374994
 -3.211302   7.906329  -2.659101
 -1.047322   7.872082  -1.365196
 -2.639366   7.820713  -1.788589
 -0.132882   7.786466  -1.859127
 -1.693762   7.735096  -1.367244
 -3.026304   7.683726  -2.303075
 -0.678880   7.649480  -1.522004
 -2.288771   7.598110  -1.597992
 -3.200052   7.546740  -2.912993
 -1.299296   7.512493  -1.405631
 -2.752021   7.461124  -2.019611
 -1.905979   7.375507  -1.518833
 -3.024028   7.324137  -2.566615
 -0.942430   7.289891  -1.555056
 -2.414470   7.238521  -1.835922
 -3.075287   7.187151  -3.155904
 -1.528440   7.152904  -1.559563
 -2.757048   7.101534  -2.300590
 -2.910956   7.050165  -3.699574
 -2.047719   7.015918  -1.772892
 -2.893403   6.964548  -2.834453
 -2.425496   6.878932  -2.147801
 -2.817361   6.827562  -3.348949
 -2.611050   6.741945  -2.610336
 -3.597778  10.223667  -3.475104
 -3.265944  10.165000  -2.812618
 -3.771829  10.077000  -3.116219
 -3.604010   9.930334  -2.687744
 -4.031299   9.842334  -3.350943
 -3.155197   9.783667  -2.433197
 -3.933203   9.695667  -2.816933
 -4.099028   9.607667  -3.704208
 -3.518681   9.549000  -2.414868
 -4.153177   9.461000  -3.114286
 -3.856326   9.314334  -2.583325
 -4.206209   9.226334  -3.490504
 -3.307444   9.167667  -2.309170
 -4.079072   9.079667  -2.892201
 -3.644937   8.933000  -2.477931
 -4.129369   8.845000  -3.262083
 -3.848616   8.698333  -2.779545
 -3.202331   8.987333  -5.616959
 -2.939153   8.752667  -5.871316
 -3.442401   8.606000  -5.538666
 -2.573638   8.518000  -5.969106
 -3.162309   8.371333  -5.796936
 -2.202409   8.283333  -5.885788
 -3.547149   8.224667  -5.328824
 -2.798820   8.136667  -5.893663
 -1.921470   8.048667  -5.642493
 -3.272349   7.990000  -5.573571
 -2.449168   7.902000  -5.800569
 -3.457303   7.843333  -5.072095
 -2.924594   7.755333  -5.627683
 -2.227849   7.667333  -5.530289
 -3.148424   7.608667  -5.240074
 -2.621641   7.520667  -5.417117
 -3.010090   7.462000  -4.874206
 -2.315326   7.432667  -5.106857
  1.779637  -2.643459   2.990555
  0.539008  -1.306716   4.926123
 -0.233302  -1.358183   4.895033
  0.245272  -1.443963   5.198791
 -0.630747  -1.495431   4.788415
  0.876017  -1.529743   5.160698
 -0.181631  -1.581211   5.281495
  0.518181  -1.666991   5.449445
 -0.638385  -1.718459   5.152881
  1.237301  -1.752771   5.184852
  0.034899  -1.804238   5.569246
  0.864736  -1.890018   5.546998
 -0.489586  -1.941486   5.482050
  1.575870  -1.975798   5.055580
  0.352467  -2.027266   5.748269
  1.916271  -2.061578   4.227948
 -0.965693  -2.078734   5.185821
  1.231270  -2.113046   5.506206
 -0.224079  -2.164514   5.741986
  1.854674  -2.198826   4.807118
  0.723877  -2.250293   5.808699
  2.003044  -2.284605   3.859861
 -0.777818  -2.301761   5.515103
  1.574760  -2.336073   5.341472
  0.121966  -2.387541   5.907599
  2.045883  -2.421853   4.472542
 -1.223585  -2.439009   5.089693
  1.107003  -2.473321   5.748444
  1.971170  -2.507633   3.471764
 -0.489864  -2.524789   5.778368
  1.859835  -2.559101   5.072958
  0.511637  -2.610569   5.963538
  2.131336  -2.644881   4.086971
 -1.023828  -2.662037   5.431070
  1.463572  -2.696349   5.574665
  1.824649  -2.730660   3.102029
 -0.130664  -2.747816   5.950235
  2.059111  -2.782128   4.727152
 -1.402436  -2.799284   4.908801
  0.907605  -2.833596   5.904701
  2.103056  -2.867908   3.686967
 -0.731108  -2.885064   5.705595
  1.760236  -2.919376   5.303596
  0.266635  -2.970844   6.014721
  2.154170  -3.005156   4.335722
 -1.206273  -3.022312   5.260753
  1.273823  -3.056624   5.736269
  1.963429  -3.090936   3.308752
 -0.371742  -3.108092   5.888349
  1.970199  -3.142404   4.959503
  0.666476  -3.193871   5.965928
  2.136425  -3.228183   3.933616
 -0.920249  -3.245339   5.543669
  1.577619  -3.279651   5.473218
  1.724889  -3.313963   2.986033
  0.022240  -3.331119   5.963053
  2.074782  -3.365431   4.573090
  1.033150  -3.416899   5.808311
  2.007591  -3.451211   3.556833
 -0.570109  -3.468367   5.732282
  1.791768  -3.502679   5.139332
  0.415142  -3.554147   5.923118
  2.064637  -3.588459   4.179555
  1.333057  -3.639927   5.556472
  1.779679  -3.674238   3.240160
 -0.188371  -3.691394   5.809168
  1.896264  -3.725706   4.765838
  0.769722  -3.777174   5.772204
  1.940482  -3.811486   3.816567
  1.536699  -3.862954   5.234520
  0.187320  -3.914422   5.765883
  1.879530  -3.948734   4.389917
  1.048984  -4.000202   5.524256
  1.619930  -4.085982   4.875238
  1.738737  -4.171761   4.053649
  1.216832  -4.223229   5.203059
  1.563430  -4.309009   4.519676
 -1.629053  -3.241706   4.658482
 -1.876128  -3.378954   4.174807
 -1.438229  -3.430422   2.829064
 -1.564693  -3.464734   5.019821
 -1.924336  -3.516202   3.606395
 -0.823079  -3.550514   5.575986
 -1.910476  -3.601982   4.547627
 -1.751881  -3.653450   3.038659
 -1.376818  -3.687762   5.349103
 -2.063884  -3.739229   3.961839
 -0.477034  -3.773541   5.741599
 -1.372205  -3.790697   2.558531
 -1.822585  -3.825009   4.923693
 -1.992108  -3.876477   3.344148
 -1.088864  -3.910789   5.612369
 -2.090298  -3.962257   4.353271
 -0.087363  -3.996569   5.797538
 -1.696501  -4.013725   2.782828
 -1.622828  -4.048037   5.265070
 -2.135731  -4.099505   3.714468
 -0.729664  -4.133817   5.784235
 -2.001436  -4.185284   4.742801
  0.308605  -4.219596   5.738701
 -1.947296  -4.236752   3.095300
 -1.330108  -4.271064   5.539596
 -2.169326  -4.322532   4.115156
 -0.332365  -4.356844   5.848721
 -1.547853  -4.374000   2.581782
  1.555170  -4.391156   4.169722
 -1.805273  -4.408312   5.094753
  0.674823  -4.442624   5.570269
 -2.101696  -4.459780   3.467703
 -0.970742  -4.494092   5.722349
  1.371199  -4.528404   4.793503
 -2.089728  -4.545560   4.510239
  0.067476  -4.579872   5.799928
 -1.808068  -4.597028   2.889071
 -1.519249  -4.631340   5.377669
  0.978619  -4.665651   5.307218
 -2.145913  -4.682807   3.866855
 -0.576760  -4.717119   5.797053
  1.475782  -4.751431   4.407090
 -1.904097  -4.768587   4.864488
  0.434150  -4.802899   5.642311
 -1.969792  -4.820055   3.253464
 -1.169109  -4.854367   5.566282
  1.192768  -4.888679   4.973332
 -2.076129  -4.905835   4.256764
 -0.183858  -4.940147   5.757118
 -1.591416  -4.957303   2.753524
 -1.629520  -4.991615   5.145662
  0.734057  -5.025927   5.390472
 -2.018249  -5.043083   3.641350
 -0.787371  -5.077395   5.643168
  1.297264  -5.111706   4.599838
 -1.898873  -5.128862   4.600813
  0.170722  -5.163174   5.606204
 -1.748022  -5.180330   3.104690
 -1.292173  -5.214642   5.326483
  0.937699  -5.248954   5.068520
 -1.948093  -5.266110   4.014852
 -0.411680  -5.300422   5.599883
 -1.630909  -5.351890   4.863645
  0.449984  -5.386202   5.358256
 -1.782795  -5.403358   3.475569
 -0.926340  -5.437670   5.385927
  1.020930  -5.471982   4.709238
 -1.763730  -5.489138   4.333226
 -0.083580  -5.523450   5.437300
 -1.298753  -5.574918   5.012031
  0.617832  -5.609229   5.037059
 -1.684990  -5.626385   3.823891
 -0.573875  -5.660697   5.309044
 -1.478543  -5.712165   4.552596
  0.150845  -5.746477   5.164501
 -1.425098  -5.763633   3.421146
 -0.938173  -5.797945   5.012621
  0.635947  -5.832257   4.675423
 -1.447673  -5.849413   4.098818
 -0.286310  -5.883725   5.082305
 -1.111174  -5.935193   4.619048
  0.232349  -5.969505   4.792954
 -1.223266  -5.986661   3.748755
 -0.594679  -6.020973   4.815939
 -1.047496  -6.072440   4.225781
 -0.142402  -6.106752   4.663128
 -0.658506  -6.158220   4.413157
  0.007526  -6.192532   4.282593
 -0.661427  -6.209688   3.968565
  1.751558  -3.882551   3.157864
  1.951271  -4.105578   2.850948
 -1.290336  -4.174202   2.395395
  1.889674  -4.242826   3.430118
  2.038044  -4.328606   2.482861
  1.609760  -4.380073   3.964472
  2.080883  -4.465853   3.095542
 -1.358108  -4.534477   2.133148
  1.894835  -4.603101   3.695958
  2.166336  -4.688881   2.709970
 -1.501731  -4.757505   2.503468
  2.094111  -4.826129   3.350152
 -1.313296  -4.894752   1.884300
  2.138056  -4.911908   2.309967
  1.795236  -4.963376   3.926596
  2.189170  -5.049156   2.958722
 -1.467696  -5.117780   2.256703
  1.998429  -5.134936   1.931752
  2.005199  -5.186404   3.582503
 -1.174068  -5.255028   1.678071
  2.171425  -5.272184   2.556615
  1.612619  -5.323651   4.096218
 -1.511913  -5.340807   2.655855
  2.109782  -5.409431   3.196090
 -1.335792  -5.478055   2.042464
  2.042591  -5.495211   2.179833
  1.826768  -5.546679   3.762331
 -1.442129  -5.563835   3.045764
 -0.957416  -5.615303   1.542523
  2.099637  -5.632459   2.802555
  1.368057  -5.683927   4.179472
 -1.384249  -5.701083   2.430350
  1.814679  -5.718239   1.863160
  1.931264  -5.769706   3.388838
  0.804722  -5.821174   4.395204
 -1.114022  -5.838330   1.893689
  1.975482  -5.855486   2.439567
  1.571699  -5.906954   3.857520
 -1.314093  -5.924110   2.803852
 -0.681032  -5.975578   1.508477
  1.914530  -5.992734   3.012917
  1.083984  -6.044202   4.147256
 -1.148795  -6.061358   2.264568
  1.748259  -6.078514   2.145576
  1.654930  -6.129982   3.498238
 -1.129730  -6.147138   3.122226
  0.550420  -6.181450   4.226300
 -0.808801  -6.198606   1.850754
  1.773737  -6.215762   2.676649
 -0.664753  -6.232917   3.801031
  1.251832  -6.267229   3.826059
 -1.050990  -6.284385   2.612891
  1.438675  -6.301541   1.959429
  0.060125  -6.318697   4.098044
 -0.362670  -6.335853   1.619758
  1.598430  -6.353009   3.142676
 -0.844543  -6.370165   3.341595
  0.800360  -6.387321   1.568907
  0.784845  -6.404477   3.953501
 -0.791098  -6.421633   2.210146
  1.513181  -6.438789   2.428060
 -0.304173  -6.455945   3.801621
  0.101583  -6.473101   1.598209
  1.269948  -6.490257   3.464423
 -0.813673  -6.507413   2.887818
  1.075802  -6.524569   1.924540
  0.347690  -6.541725   3.871305
 -0.413638  -6.558881   1.984403
  1.381289  -6.576037   2.842415
 -0.477174  -6.593193   3.408047
  0.486928  -6.610349   1.777659
  0.866349  -6.627505   3.581954
 -0.589266  -6.644661   2.537754
  1.135375  -6.661817   2.331701
  0.039321  -6.678973   3.604939
 -0.009768  -6.696129   1.985176
  1.076247  -6.713284   3.102372
 -0.413496  -6.730440   3.014781
  0.691121  -6.747596   2.118002
  0.491598  -6.764752   3.452128
 -0.216722  -6.781908   2.397988
  0.934377  -6.799064   2.679102
 -0.024506  -6.816220   3.202156
  0.299770  -6.833376   2.266912
  0.641526  -6.850532   3.071592
 -0.027427  -6.867688   2.757564
  0.520266  -6.884844   2.602815
  0.329000  -6.902000   2.768000
  1.854348  -3.303358   0.727591
  1.961674  -3.354826   2.213118
  2.110044  -3.440606   1.265861
  1.681760  -3.492073   2.747472
  2.152883  -3.577853   1.878542
 -1.286108  -3.646477   0.916148
  2.078170  -3.663633   0.877764
  1.966835  -3.715101   2.478958
 -1.384298  -3.732257   1.925271
 -0.990501  -3.783725   0.354828
  2.238336  -3.800881   1.492971
 -1.429731  -3.869505   1.286468
  2.166111  -3.938128   2.133153
 -1.295436  -3.955284   2.314801
 -1.241296  -4.006752   0.667300
  2.210056  -4.023908   1.092967
 -1.463326  -4.092532   1.687156
  2.261170  -4.161156   1.741722
 -1.395696  -4.229780   1.039703
  2.077199  -4.298404   2.365503
 -1.383728  -4.315560   2.082239
 -1.102068  -4.367028   0.461071
  2.243425  -4.384184   1.339616
 -1.439913  -4.452807   1.438855
  2.181782  -4.521431   1.979090
 -1.263792  -4.590055   0.825464
 -1.370129  -4.675835   1.828764
  2.171637  -4.744459   1.585555
 -1.312249  -4.813083   1.213350
 -1.242093  -5.036110   1.586852
  1.986530  -5.104734   1.795917
 -1.076795  -5.173358   1.047568
 -0.978990  -5.396385   1.395891
  1.875271  -1.834578   1.684948
  1.962044  -2.057605   1.316861
  2.004883  -2.194853   1.929542
  2.090335  -2.417881   1.543971
 -1.577731  -2.486505   1.337468
  2.018111  -2.555128   2.184153
  2.062056  -2.640908   1.143967
  2.113170  -2.778156   1.792722
 -1.543696  -2.846780   1.090703
  1.929199  -2.915404   2.416503
  2.095425  -3.001183   1.390616
 -1.587913  -3.069807   1.489855
  2.033782  -3.138431   2.030090
 -1.411792  -3.207055   0.876464
  1.966591  -3.224211   1.013833
  1.750768  -3.275679   2.596332
 -1.518129  -3.292835   1.879764
 -1.460249  -3.430082   1.264350
 -1.340873  -3.515862   2.223813
 -1.190022  -3.567330   0.727689
  1.596870  -1.041798   1.272580
  1.937271  -1.127578   0.444948
  1.875674  -1.264826   1.024118
  2.024044  -1.350605   0.076861
  2.066883  -1.487853   0.689542
  1.992170  -1.573633  -0.311236
  1.880835  -1.625101   1.289958
 -1.470298  -1.642257   0.736271
  2.152336  -1.710881   0.303971
 -1.515731  -1.779504   0.097468
  1.845649  -1.796660  -0.680971
  2.080111  -1.848128   0.944152
 -1.381436  -1.865284   1.125801
 -1.327296  -1.916752  -0.521700
  2.124056  -1.933908  -0.096033
 -1.549326  -2.002532   0.498156
  1.597995  -2.019688  -0.998018
 -0.927853  -2.054000  -1.035218
  2.175170  -2.071156   0.552722
 -1.481696  -2.139780  -0.149297
  1.984429  -2.156936  -0.474248
 -0.371282  -2.191248  -1.372093
  1.991199  -2.208404   1.176503
 -1.469728  -2.225560   0.893239
  1.271302  -2.242715  -1.233861
 -1.188068  -2.277027  -0.727929
  2.157425  -2.294183   0.150616
  0.265628  -2.328495  -1.487085
 -1.525913  -2.362807   0.249855
  1.745889  -2.379963  -0.796967
 -0.710853  -2.414275  -1.159423
  2.095782  -2.431431   0.790090
  0.894782  -2.465743  -1.367514
 -1.349792  -2.500055  -0.363536
  2.028591  -2.517211  -0.226167
 -0.118908  -2.551523  -1.387599
 -1.456129  -2.585835   0.639764
  1.430118  -2.602991  -1.035148
 -0.971416  -2.637303  -0.863476
  2.085637  -2.654459   0.396555
  0.502939  -2.688771  -1.386898
 -1.398249  -2.723082   0.024350
  1.800679  -2.740238  -0.542840
 -0.450311  -2.774550  -1.184611
  1.066857  -2.826018  -1.166267
 -1.128022  -2.860330  -0.512311
  1.961482  -2.877486   0.033567
  0.133654  -2.911798  -1.289725
 -1.328093  -2.946110   0.397852
  1.495536  -2.963266  -0.767810
 -0.695032  -2.997578  -0.897522
  1.900530  -3.014734   0.606917
  0.692575  -3.049046  -1.175602
 -1.162795  -3.083358  -0.141432
  1.734259  -3.100514  -0.260424
 -0.173366  -3.134826  -1.083757
  1.144159  -3.186293  -0.873842
 -0.822801  -3.220605  -0.555246
  1.759737  -3.237761   0.270649
  0.349605  -3.272073  -1.056450
 -1.064990  -3.306385   0.206891
  1.424675  -3.323541  -0.446571
 -0.376670  -3.357853  -0.786242
  0.786360  -3.409321  -0.837093
 -0.805098  -3.443633  -0.195854
  0.087583  -3.495101  -0.807790
 -0.427638  -3.580881  -0.421597
 -0.100844   1.072064   0.659891
  0.303008   0.986284   0.850124
 -0.469302   0.934817   0.819033
  0.803784   0.900505   0.697547
  0.009272   0.849037   1.122791
 -0.866747   0.797569   0.712415
  0.640017   0.763257   1.084698
 -0.417631   0.711789   1.205495
  1.182297   0.677477   0.659899
 -1.187855   0.660321   0.397404
  0.282181   0.626009   1.373445
 -0.874385   0.574541   1.076881
  1.001301   0.540229   1.108852
 -1.354817   0.523073  -0.061940
 -0.201101   0.488761   1.493246
  1.480558   0.454450   0.458864
 -1.266053   0.437294   0.748482
  0.628736   0.402982   1.470998
 -0.725586   0.351514   1.406050
  1.339870   0.317202   0.979580
 -1.513128   0.300046   0.264807
  0.116467   0.265734   1.672269
  1.680271   0.231422   0.151948
 -1.201693   0.214266   1.109821
  0.995270   0.179954   1.430206
 -1.561336   0.162798  -0.303605
 -0.460079   0.128486   1.665986
  1.618674   0.094174   0.731118
 -1.547476   0.077018   0.637626
 -1.013818  -0.008761   1.439103
  1.338760  -0.043073   1.265472
 -1.700884  -0.060229   0.051839
  1.809883  -0.128853   0.396542
 -1.459585  -0.146009   1.013693
 -1.629108  -0.197477  -0.565852
 -0.725864  -0.231789   1.702368
  1.623835  -0.266101   0.996958
 -1.727298  -0.283257   0.443271
  1.895336  -0.351881   0.010971
 -1.259828  -0.369037   1.355070
 -1.772731  -0.420505  -0.195532
 -0.366664  -0.454817   1.874235
  1.823111  -0.489128   0.651153
 -1.638436  -0.506284   0.832801
 -1.584296  -0.557752  -0.814700
  1.524236  -0.626376   1.227596
 -1.806326  -0.643532   0.205156
  1.918170  -0.712156   0.259722
 -1.442273  -0.729312   1.184753
 -1.738696  -0.780780  -0.442297
  1.734199  -0.849404   0.883503
 -1.726728  -0.866560   0.600239
 -1.445068  -0.918028  -1.020929
  1.900425  -0.935183  -0.142384
 -1.782913  -1.003807  -0.043145
 -1.541097  -1.089587   0.954488
 -1.606792  -1.141055  -0.656536
  1.771591  -1.158211  -0.519167
 -1.713129  -1.226835   0.346764
 -1.228416  -1.278303  -1.156476
 -1.655249  -1.364083  -0.268650
 -1.535873  -1.449862   0.690813
 -1.385022  -1.501330  -0.805311
 -1.585093  -1.587110   0.104852
 -0.952032  -1.638578  -1.190522
 -1.419795  -1.724358  -0.434432
  1.580870   0.935202  -0.236420
  1.921271   0.849422  -1.064052
  1.236270   0.797954   0.214206
  1.859674   0.712174  -0.484882
  2.008044   0.626394  -1.432139
  1.579760   0.574927   0.049472
  2.050883   0.489147  -0.819458
  1.864835   0.351899  -0.219042
 -1.092501   0.283275  -2.343172
  2.136336   0.266119  -1.205029
 -1.531731   0.197495  -1.411532
  2.064111   0.128872  -0.564847
 -1.343296   0.060248  -2.030700
 -1.565326  -0.025532  -1.010844
 -0.943853  -0.077000  -2.544218
  2.159170  -0.094156  -0.956278
 -1.497696  -0.162780  -1.658297
  1.975199  -0.231404  -0.332497
 -1.204068  -0.300028  -2.236929
 -1.541913  -0.385807  -1.259145
  2.079782  -0.454431  -0.718910
 -1.365792  -0.523055  -1.872536
 -0.987416  -0.660303  -2.372476
 -1.414249  -0.746083  -1.484650
  1.901264  -0.814706  -0.526162
 -1.144022  -0.883330  -2.021310
 -1.178795  -1.106358  -1.650432
 -1.080990  -1.329385  -1.302109
 -0.821098  -1.466633  -1.704854
 -0.619266  -1.689661  -1.377245
  0.720784   2.947505  -0.600453
 -0.073728   2.896037  -0.175209
 -0.949747   2.844569  -0.585585
  0.557017   2.810257  -0.213302
 -0.500631   2.758789  -0.092505
  1.099297   2.724477  -0.638101
 -1.270855   2.707321  -0.900596
  0.199181   2.673009   0.075445
 -0.957385   2.621541  -0.221119
  0.918301   2.587229  -0.189148
 -0.284101   2.535761   0.195246
 -1.349053   2.484294  -0.549518
  0.545736   2.449982   0.172998
 -0.808586   2.398514   0.108050
  1.256870   2.364202  -0.318420
 -1.596128   2.347046  -1.033193
  0.033467   2.312734   0.374269
 -1.284693   2.261266  -0.188179
  0.912270   2.226954   0.132206
 -1.644336   2.209798  -1.601605
 -0.543079   2.175486   0.367986
  1.535674   2.141174  -0.566882
 -1.630476   2.124018  -0.660373
  0.404877   2.089706   0.434699
 -1.096818   2.038239   0.141103
  1.255760   2.003927  -0.032528
 -1.783884   1.986771  -1.246161
 -0.197034   1.952459   0.533599
  1.726883   1.918147  -0.901458
 -1.542585   1.900991  -0.284307
  0.788003   1.866679   0.374444
 -1.712108   1.849523  -1.863852
 -0.808864   1.815211   0.404368
  1.540835   1.780899  -0.301042
 -1.810298   1.763743  -0.854729
  0.192637   1.729431   0.589538
  1.812336   1.695119  -1.287029
 -1.342828   1.677963   0.057070
  1.144572   1.643651   0.200665
 -1.855731   1.626495  -1.493532
 -0.449664   1.592183   0.576235
  1.740111   1.557872  -0.646847
 -1.721436   1.540716  -0.465199
  0.588605   1.506404   0.530701
 -1.667296   1.489248  -2.112700
 -1.050108   1.454936   0.331595
  1.441236   1.420624  -0.070404
 -1.889326   1.403468  -1.092844
 -0.052365   1.369156   0.640721
  1.835170   1.334844  -1.038278
 -1.525273   1.317688  -0.113247
  0.954823   1.283376   0.362269
 -1.821696   1.266220  -1.740297
 -0.690742   1.231908   0.514349
  1.651199   1.197596  -0.414497
 -1.809728   1.180440  -0.697761
  0.347476   1.146128   0.591928
 -1.528068   1.128972  -2.318929
  1.817425   1.111817  -1.440384
 -1.239249   1.094661   0.169669
  1.258619   1.060349   0.099218
 -1.865913   1.043193  -1.341145
 -1.624097   0.957413  -0.343512
 -1.689792   0.905945  -1.954536
 -1.796129   0.820165  -0.951236
 -1.311416   0.768697  -2.454476
 -1.349520   0.734385  -0.062338
 -1.738249   0.682917  -1.566650
 -0.790311   0.631450  -2.775611
 -1.618873   0.597138  -0.607187
 -1.468022   0.545670  -2.103310
 -1.668093   0.459890  -1.193148
 -1.035032   0.408422  -2.488522
 -1.502795   0.322642  -1.732432
  1.717752   3.265670  -2.701140
  1.529870   3.214202  -1.337419
  1.870271   3.128422  -2.165052
  1.185270   3.076954  -0.886794
  1.701348   3.042642  -3.071409
  1.808674   2.991174  -1.585882
  1.957044   2.905394  -2.533139
  1.528760   2.853927  -1.051528
  1.561074   2.819615  -3.427529
  1.999883   2.768147  -1.920458
  1.925170   2.682367  -2.921236
 -0.278574   2.648055  -3.986003
  1.813835   2.630899  -1.320042
  1.313815   2.596587  -3.733004
 -1.143501   2.562275  -3.444172
  2.085336   2.545119  -2.306029
  1.417572   2.493651  -0.818335
 -1.582731   2.476495  -2.512532
  1.778649   2.459339  -3.290971
 -0.659331   2.425027  -3.867848
  2.013111   2.407871  -1.665847
  0.983615   2.373560  -3.958654
 -1.394296   2.339248  -3.131700
  2.057056   2.322092  -2.706033
 -0.050423   2.287780  -4.092040
  1.714236   2.270624  -1.089404
 -1.616326   2.253468  -2.111844
  1.530995   2.236312  -3.608017
 -0.994853   2.202000  -3.645218
  2.108170   2.184844  -2.057278
  0.600500   2.150532  -4.083755
 -1.548696   2.116220  -2.759297
  1.917429   2.099064  -3.084248
 -0.438282   2.064752  -3.982093
  1.924199   2.047596  -1.433497
  1.204302   2.013284  -3.843861
 -1.255068   1.978972  -3.337929
  2.090425   1.961816  -2.459384
  0.198628   1.927504  -4.097085
 -1.592913   1.893193  -2.360145
  1.678889   1.876037  -3.406967
 -0.777853   1.841725  -3.769423
  2.028782   1.824569  -1.819910
  0.827782   1.790257  -3.977514
 -1.416792   1.755945  -2.973536
  1.961591   1.738789  -2.836167
 -0.185908   1.704477  -3.997598
  1.363118   1.653009  -3.645147
 -1.038416   1.618697  -3.473476
  2.018637   1.601541  -2.213445
  0.435939   1.567229  -3.996898
 -1.465249   1.532917  -2.585650
  1.733679   1.515761  -3.152840
 -0.517311   1.481449  -3.794611
  1.850264   1.464293  -1.627162
  0.999857   1.429982  -3.776267
 -1.195022   1.395670  -3.122310
  1.894482   1.378514  -2.576433
  0.066654   1.344202  -3.899725
  1.428536   1.292734  -3.377810
 -0.762032   1.258422  -3.507522
  1.833530   1.241266  -2.003083
  0.625575   1.206954  -3.785602
 -1.229795   1.172642  -2.751431
  1.667259   1.155486  -2.870424
 -0.240366   1.121174  -3.693757
  1.077159   1.069706  -3.483842
 -0.889801   1.035394  -3.165246
  1.692737   1.018238  -2.339351
  0.282605   0.983927  -3.666450
  1.357675   0.932459  -3.056571
 -0.443670   0.898147  -3.396242
  0.719360   0.846679  -3.447093
 -0.872098   0.812367  -2.805854
  0.020583   0.760899  -3.417790
 -0.494638   0.675119  -3.031597
  0.454017   5.081257  -1.140302
 -0.603631   5.029789  -1.019505
  0.996297   4.995477  -1.565101
  0.096181   4.944009  -0.851555
 -1.060385   4.892541  -1.148119
  0.815301   4.858229  -1.116148
 -0.387101   4.806761  -0.731754
  1.294558   4.772449  -1.766136
 -1.452053   4.755293  -1.476518
  0.442736   4.720982  -0.754002
 -0.911586   4.669514  -0.818950
  1.153870   4.635202  -1.245419
 -1.699128   4.618046  -1.960193
 -0.069533   4.583734  -0.552731
 -1.387693   4.532266  -1.115179
  0.809270   4.497954  -0.794794
 -0.646079   4.446486  -0.559014
  1.432674   4.412174  -1.493882
 -1.733476   4.395018  -1.587373
  0.301877   4.360706  -0.492301
 -1.199818   4.309238  -0.785897
  1.152760   4.274927  -0.959528
 -1.886884   4.257771  -2.173161
 -0.300034   4.223459  -0.393401
  1.623883   4.189147  -1.828458
 -1.645585   4.171991  -1.211307
  0.685003   4.137679  -0.552556
 -1.815108   4.120523  -2.790852
 -0.911864   4.086211  -0.522631
  1.437835   4.051899  -1.228042
 -1.913298   4.034743  -1.781729
  0.089637   4.000431  -0.337462
  1.709336   3.966119  -2.214029
 -1.445828   3.948963  -0.869930
  1.041572   3.914651  -0.726335
 -1.958731   3.897495  -2.420532
 -0.552664   3.863183  -0.350765
  1.637111   3.828871  -1.573847
 -1.824436   3.811716  -1.392199
  0.485605   3.777404  -0.396299
 -1.770296   3.760248  -3.039700
  1.681056   3.743092  -2.614032
 -1.153108   3.725936  -0.595404
  1.338236   3.691624  -0.997404
 -1.992326   3.674468  -2.019844
 -0.155365   3.640156  -0.286279
  1.732170   3.605844  -1.965278
 -1.628273   3.588688  -1.040247
  0.851823   3.554376  -0.564731
 -1.924696   3.537220  -2.667297
  1.541429   3.520064  -2.992248
 -0.793742   3.502908  -0.412651
  1.548199   3.468596  -1.341497
 -1.912728   3.451440  -1.624761
  0.244476   3.417128  -0.335072
 -1.631068   3.399972  -3.245929
  1.714425   3.382816  -2.367384
 -1.342249   3.365660  -0.757330
  1.155619   3.331349  -0.827782
 -1.968913   3.314193  -2.268145
 -0.399760   3.279881  -0.337947
 -1.727097   3.228413  -1.270512
  0.611150   3.194101  -0.492689
 -1.792792   3.176945  -2.881536
 -0.992109   3.142633  -0.568718
 -1.899129   3.091165  -1.878236
 -0.006858   3.056853  -0.377882
 -1.414416   3.039697  -3.381476
 -1.452520   3.005385  -0.989338
 -1.841249   2.953917  -2.493650
 -0.893311   2.902449  -3.702611
 -1.721873   2.868138  -1.534187
 -1.571022   2.816670  -3.030310
 -1.771093   2.730890  -2.120148
 -1.138032   2.679422  -3.415522
 -1.453909   2.645110  -1.271355
 -1.605795   2.593642  -2.659431
 -1.586730   2.507862  -1.801774
  1.329316   5.855697  -3.239037
  1.399558   5.718449  -2.737136
  1.446752   5.632669  -3.580140
  1.258870   5.581202  -2.216420
  1.599271   5.495422  -3.044052
  1.537674   5.358174  -2.464882
  1.257760   5.220926  -1.930528
  1.728883   5.135147  -2.799458
  1.542835   4.997899  -2.199042
 -1.414501   4.929275  -4.323172
  1.814336   4.912119  -3.185030
  1.742111   4.774871  -2.544848
 -1.665296   4.706247  -4.010700
  1.443236   4.637624  -1.968404
 -1.887326   4.620468  -2.990845
  1.837170   4.551844  -2.936278
 -1.819696   4.483220  -3.638297
  1.653199   4.414596  -2.312497
 -1.807728   4.397440  -2.595761
 -1.526068   4.345972  -4.216929
 -1.863913   4.260192  -3.239145
  1.757782   4.191569  -2.698910
 -1.687792   4.122945  -3.852536
 -1.309416   3.985697  -4.352477
  1.747637   3.968541  -3.092445
 -1.736249   3.899917  -3.464650
 -1.466022   3.762669  -4.001311
 -1.500795   3.539642  -3.630432
 -1.160801   3.402394  -4.044246
 -1.143098   3.179367  -3.684854
 -0.765638   3.042119  -3.910597
  0.228784   7.498504  -2.154453
  0.576609   7.412725  -2.635856
  0.065017   7.361257  -1.767302
  0.607297   7.275477  -2.192101
 -0.292819   7.224009  -1.478555
  0.835316   7.189697  -2.895037
  0.426301   7.138229  -1.743148
 -0.776101   7.086761  -1.358754
  0.905558   7.052449  -2.393136
  0.053736   7.000982  -1.381002
  0.952752   6.966670  -3.236140
 -1.300586   6.949514  -1.445950
  0.764870   6.915202  -1.872420
 -0.458533   6.863734  -1.179731
  1.105271   6.829422  -2.700052
 -1.776693   6.812266  -1.742179
  0.420270   6.777954  -1.421794
  0.936347   6.743642  -3.606409
 -1.035079   6.726486  -1.186014
  1.043674   6.692174  -2.120882
 -0.087123   6.640706  -1.119301
  1.192044   6.606394  -3.068139
 -1.588818   6.589238  -1.412897
  0.763760   6.554926  -1.586528
 -0.689034   6.503459  -1.020401
  1.234883   6.469147  -2.455458
 -2.034585   6.451991  -1.838307
  0.296003   6.417679  -1.179556
  1.160170   6.383367  -3.456236
 -1.300864   6.366211  -1.149632
  1.048835   6.331899  -1.855042
 -2.302298   6.314743  -2.408729
 -0.299363   6.280431  -0.964462
  1.320335   6.246119  -2.841029
 -1.834828   6.228963  -1.496930
  0.652572   6.194651  -1.353335
  1.013649   6.160339  -3.825971
 -0.941664   6.143183  -0.977765
  1.248111   6.108871  -2.200847
 -2.213436   6.091715  -2.019199
  0.096605   6.057404  -1.023299
  1.292056   6.023092  -3.241033
 -1.542108   6.005936  -1.222405
  0.949235   5.971624  -1.624404
 -2.381326   5.954468  -2.646844
 -0.544365   5.920156  -0.913279
  1.343170   5.885844  -2.592278
 -2.017273   5.868688  -1.667247
  0.462823   5.834376  -1.191731
 -1.182742   5.782908  -1.039651
  1.159199   5.748596  -1.968497
 -2.301728   5.731440  -2.251761
 -0.144524   5.697128  -0.962072
 -1.731249   5.645660  -1.384331
  0.766619   5.611349  -1.454782
 -2.357913   5.594193  -2.895145
 -0.788760   5.559881  -0.964947
 -2.116097   5.508413  -1.897512
  0.222149   5.474101  -1.119689
 -2.181792   5.456945  -3.508536
 -1.381109   5.422633  -1.195718
 -2.288129   5.371165  -2.505236
 -0.395858   5.336853  -1.004882
 -1.841520   5.285385  -1.616338
  0.522057   5.251073  -1.371528
 -2.230249   5.233917  -3.120650
 -0.999371   5.199605  -1.118832
 -2.110873   5.148137  -2.161187
 -1.960022   5.096670  -3.657311
 -1.504174   5.062358  -1.435517
 -2.160093   5.010890  -2.747148
 -1.842909   4.925110  -1.898355
 -1.994795   4.873642  -3.286432
 -1.975730   4.787862  -2.428774
 -1.896990   4.650615  -2.938109
 -0.262546   8.217165  -4.732698
  0.383316   8.165697  -3.746037
  0.172805   8.079918  -4.500590
  0.453558   8.028450  -3.244136
 -0.447185   7.994138  -5.041507
  0.500752   7.942670  -4.087140
  0.064141   7.856890  -4.847776
  0.653271   7.805422  -3.551052
 -0.741903   7.771110  -5.261718
  0.484348   7.719642  -4.457409
  0.591674   7.668175  -2.971882
 -0.165671   7.633863  -5.144545
  0.740044   7.582395  -3.919139
 -1.104684   7.548083  -5.374925
  0.344074   7.496615  -4.813529
  0.782883   7.445147  -3.306458
 -0.486718   7.410835  -5.360689
  0.708170   7.359367  -4.307236
 -1.495574   7.325055  -5.372003
  0.096815   7.273587  -5.119005
 -2.360501   7.239275  -4.830172
  0.868336   7.222119  -3.692030
 -0.865837   7.187808  -5.475438
  0.561649   7.136340  -4.676971
 -1.876331   7.102028  -5.253848
 -0.233385   7.050560  -5.344654
 -2.611296   7.016248  -4.517700
  0.840056   6.999092  -4.092033
 -1.267423   6.964780  -5.478041
  0.313995   6.913312  -4.994018
 -2.211853   6.879000  -5.031218
 -0.616500   6.827532  -5.469755
 -2.765696   6.793220  -4.145297
  0.700429   6.776064  -4.470248
 -1.655282   6.741752  -5.368093
 -2.753728   6.707441  -3.102761
 -0.012698   6.690285  -5.229861
 -2.472068   6.655973  -4.723929
  0.873425   6.638817  -3.845384
 -2.183249   6.621661  -2.235331
 -1.018372   6.604505  -5.483085
 -2.809913   6.570193  -3.746145
  0.461889   6.553037  -4.792967
 -1.994853   6.518725  -5.155423
 -2.568097   6.484413  -2.748512
 -0.389218   6.467257  -5.363514
 -2.633792   6.432945  -4.359536
  0.744591   6.415789  -4.222167
 -1.402908   6.381477  -5.383599
 -2.740129   6.347165  -3.356236
  0.146118   6.330009  -5.031148
 -2.255416   6.295697  -4.859477
 -0.781061   6.244230  -5.382898
 -2.682249   6.209918  -3.971650
  0.516679   6.192762  -4.538840
 -1.734311   6.158450  -5.180611
 -2.562873   6.124138  -3.012187
 -0.217143   6.106982  -5.162267
 -2.412022   6.072670  -4.508311
 -1.150346   6.021202  -5.285725
 -2.612093   5.986890  -3.598148
 -1.979032   5.935422  -4.893522
 -0.591425   5.883954  -5.171602
 -2.446795   5.849642  -4.137432
 -1.457366   5.798174  -5.079757
 -2.427730   5.763863  -3.279774
 -2.106801   5.712395  -4.551246
 -0.934395   5.660927  -5.052450
 -2.348990   5.626615  -3.789109
 -1.660670   5.575147  -4.782242
 -2.089098   5.489367  -4.191854
 -1.196417   5.437899  -4.803791
 -1.711638   5.352119  -4.417597
 -1.307768   5.214872  -4.416824
 -1.453000   0.310000   3.046000
 -1.639350   0.292844   3.216712
 -1.421826   0.275688   2.690785
 -1.187899   0.258532   3.391778
 -1.947267   0.241376   2.958571
 -0.980604   0.224220   2.745500
 -1.611844   0.207064   3.636891
 -1.756892   0.189908   2.460875
 -0.792483   0.172752   3.287220
 -2.140771   0.155596   3.329902
 -1.121369   0.138440   2.337324
 -1.207992   0.121284   3.827124
 -2.191009   0.104129   2.618309
 -1.980302   0.069817   3.796034
 -1.574660   0.052661   2.107158
 -0.707216   0.035505   3.674547
 -2.454997   0.018349   3.087436
 -0.723361   0.001193   2.319912
 -1.501728  -0.015963   4.099791
 -2.144709  -0.033119   2.217101
 -2.377746  -0.067431   3.689415
 -1.200830  -0.084587   1.925078
 -0.870982  -0.101743   4.061698
 -2.588316  -0.118899   2.683803
 -1.928630  -0.153211   4.182495
 -1.876515  -0.170367   1.868522
 -2.698855  -0.204679   3.374404
 -0.746546  -0.221835   1.947302
 -1.228819  -0.238991   4.350445
 -2.512809  -0.256147   2.225225
 -2.385385  -0.290459   4.053881
 -1.446226  -0.307615   1.657337
 -2.865817  -0.341927   2.915060
 -1.712100  -0.376238   4.470246
 -2.231394  -0.393394   1.809054
 -2.777053  -0.427706   3.725482
 -0.931185  -0.444862   1.638493
 -0.882264  -0.462018   4.447998
 -2.831991  -0.479174   2.392471
 -2.236586  -0.513486   4.383050
 -1.780776  -0.530642   1.519604
 -3.024128  -0.564954   3.241807
 -1.394533  -0.599266   4.649269
 -2.586229  -0.616422   1.896064
 -2.712693  -0.650734   4.086821
 -0.515730  -0.685046   4.407206
 -3.072335  -0.702202   2.673395
 -1.971079  -0.736514   4.642986
 -2.153180  -0.753670   1.510917
 -3.058475  -0.787982   3.614626
 -1.023123  -0.822294   4.709699
 -2.899881  -0.839449   2.105659
 -2.524818  -0.873761   4.416103
 -1.588684  -0.890917   1.305075
 -3.211884  -0.925229   3.028839
 -1.625034  -0.959541   4.808599
 -2.520204  -0.976697   1.625531
 -2.970585  -1.011009   3.990693
 -0.639997  -1.045321   4.649444
 -3.140108  -1.062477   2.411148
 -2.236864  -1.096789   4.679368
 -1.979574  -1.113945   1.307997
 -3.238298  -1.148257   3.420271
 -1.235363  -1.182569   4.864538
 -2.844501  -1.199725   1.849828
 -2.770828  -1.234037   4.332070
 -1.349837  -1.251193   1.204562
 -3.283731  -1.285505   2.781468
 -1.877663  -1.319816   4.851235
 -2.360331  -1.336972   1.426152
 -3.149436  -1.371284   3.809801
 -0.839395  -1.405596   4.805701
 -3.095296  -1.422752   2.162300
 -2.478108  -1.457064   4.606595
 -1.751423  -1.474220   1.201959
 -3.317326  -1.508532   3.182156
 -1.480365  -1.542844   4.915721
 -2.695852  -1.560000   1.648782
 -2.953273  -1.594312   4.161753
 -3.249696  -1.645780   2.534703
 -2.118742  -1.680092   4.789349
 -2.139282  -1.697248   1.311907
 -3.237727  -1.731560   3.577239
 -1.080524  -1.765872   4.866928
 -2.956068  -1.783027   1.956071
 -2.667249  -1.817339   4.444669
 -1.502372  -1.834495   1.196915
 -3.293913  -1.868807   2.933855
 -1.724760  -1.903119   4.864053
 -2.478853  -1.920275   1.524577
 -3.052097  -1.954587   3.931488
 -3.117792  -2.006055   2.320464
 -2.317109  -2.040367   4.633282
 -1.886908  -2.057523   1.296401
 -3.224129  -2.091835   3.323764
 -1.331858  -2.126147   4.824118
 -2.739416  -2.143303   1.820524
 -2.777519  -2.177615   4.212662
 -3.166249  -2.229083   2.708350
 -1.935371  -2.263394   4.710168
 -2.218311  -2.280550   1.499389
 -3.046873  -2.314862   3.667813
 -2.896022  -2.366330   2.171689
 -2.440173  -2.400642   4.393483
 -1.634346  -2.417798   1.394275
 -3.096093  -2.452110   3.081852
 -1.559680  -2.486422   4.666883
 -2.463032  -2.503578   1.786478
 -2.778909  -2.537890   3.930645
 -2.930795  -2.589358   2.542568
 -2.074340  -2.623670   4.452927
 -1.941366  -2.640826   1.600243
 -2.911730  -2.675138   3.400226
 -2.590801  -2.726605   2.128754
 -2.446753  -2.760917   4.079031
 -2.832990  -2.812385   2.890891
 -1.721874  -2.846697   4.376044
 -2.144670  -2.863853   1.897758
 -2.626543  -2.898165   3.619596
 -2.573098  -2.949633   2.488146
 -2.086173  -2.983945   4.079621
 -1.680417  -3.001101   1.876210
 -2.595673  -3.035413   3.165818
 -2.195638  -3.086881   2.262403
 -2.259174  -3.121193   3.686048
 -2.371266  -3.172660   2.815755
 -1.791768  -3.224128   2.263176
 -2.195495  -3.258440   3.292781
 -1.998721  -3.309908   2.675988
 -1.806506  -3.344220   3.480156
 -1.482230  -3.361376   2.544912
 -1.809427  -3.395688   3.035564
  0.964000   1.024000   3.153000
  0.777650   1.006844   3.323712
  0.995174   0.989688   2.797785
  1.229101   0.972532   3.498778
  0.469733   0.955376   3.065571
  1.436396   0.938220   2.852500
  0.805156   0.921064   3.743892
  0.660108   0.903908   2.567875
  1.624517   0.886752   3.394220
  0.276229   0.869596   3.436902
  1.295631   0.852440   2.444324
  1.209008   0.835284   3.934124
  0.225991   0.818128   2.725309
  1.828996   0.800972   2.962833
  0.436698   0.783817   3.903034
  0.842340   0.766661   2.214158
  1.709784   0.749505   3.781547
 -0.037997   0.732349   3.194436
  1.693639   0.715193   2.426912
  0.915272   0.698037   4.206791
  0.272291   0.680881   2.324101
  2.057609   0.663725   3.300144
  0.039253   0.646569   3.796415
  1.216170   0.629413   2.032078
  1.546017   0.612257   4.168698
 -0.171316   0.595101   2.790803
  2.064369   0.577945   2.644602
  0.488369   0.560789   4.289495
  0.540485   0.543633   1.975522
  2.088297   0.526477   3.743899
 -0.281855   0.509321   3.481404
  1.670454   0.492165   2.054302
  1.188181   0.475009   4.457445
 -0.095809   0.457853   2.332225
  2.316316   0.440697   3.040964
  0.031615   0.423541   4.160881
  0.970774   0.406385   1.764337
  1.907301   0.389229   4.192852
 -0.448817   0.372073   3.022061
  2.105805   0.354917   2.286410
  0.704899   0.337761   4.577246
  0.185606   0.320605   1.916054
  2.386558   0.303450   3.542864
 -0.360053   0.286294   3.832482
  1.485815   0.269138   1.745493
  1.534736   0.251982   4.554998
 -0.414991   0.234826   2.499471
  2.433752   0.217670   2.699860
  0.180414   0.200514   4.490050
  0.636224   0.183358   1.626604
  2.245870   0.166202   4.063581
 -0.607128   0.149046   3.348807
  1.997141   0.131890   1.939224
  1.022467   0.114734   4.756269
 -0.169229   0.097578   2.003064
  2.586271   0.080422   3.235948
 -0.295693   0.063266   4.193821
  1.191097   0.046110   1.525282
  1.901270   0.028954   4.514206
  2.417347  -0.005358   2.329592
  0.445921  -0.022514   4.749986
  2.524674  -0.056826   3.815118
  1.767329  -0.091138   1.642455
  1.393877  -0.108294   4.816699
 -0.482881  -0.125450   2.212659
  2.673044  -0.142606   2.867861
 -0.107818  -0.159761   4.523103
  2.244760  -0.194073   4.349472
  2.277074  -0.228385   1.973471
  0.791966  -0.245541   4.915599
  2.715883  -0.279853   3.480542
 -0.553585  -0.297009   4.097693
  1.446282  -0.314165   1.426311
  1.777003  -0.331321   4.756444
  2.641170  -0.365633   2.479764
  0.180136  -0.382789   4.786369
  2.529835  -0.417101   4.080958
  2.029815  -0.451413   1.667996
  1.181637  -0.468569   4.971538
  2.801335  -0.502881   3.094971
 -0.353828  -0.520037   4.439070
  2.133572  -0.554349   4.582665
  2.494649  -0.588661   2.110029
  0.539336  -0.605817   4.958235
  2.729111  -0.640128   3.735153
  1.699615  -0.674440   1.442346
  1.577605  -0.691596   4.912701
  2.773056  -0.725908   2.694968
 -0.061108  -0.743064   4.713596
  2.430235  -0.777376   4.311596
  2.246995  -0.811688   1.792983
  0.936635  -0.828844   5.022721
  2.824170  -0.863156   3.343722
  1.943823  -0.914624   4.744269
  2.633429  -0.948936   2.316752
  0.298258  -0.966092   4.896349
  2.640199  -1.000404   3.967503
  1.920302  -1.034716   1.557139
  1.336476  -1.051872   4.973928
  2.806425  -1.086184   2.941616
 -0.250249  -1.103339   4.551670
  2.247619  -1.137651   4.481218
  2.394889  -1.171963   1.994033
  0.692240  -1.189119   4.971053
  2.744782  -1.223431   3.581090
  1.703150  -1.274899   4.816311
  2.677591  -1.309211   2.564833
  2.461768  -1.360679   4.147332
  2.079118  -1.394991   1.755853
  1.085142  -1.412147   4.931118
  2.734637  -1.446459   3.187555
  2.003057  -1.497927   4.564472
  2.449679  -1.532239   2.248160
  2.566264  -1.583706   3.773838
  1.439722  -1.635174   4.780204
  2.610482  -1.669486   2.824567
  2.206699  -1.720954   4.242520
  2.144536  -1.755266   2.023190
  2.549530  -1.806734   3.397917
  2.383259  -1.892514   2.530576
  2.289930  -1.943982   3.883238
  2.408737  -2.029761   3.061649
  2.073675  -2.115541   2.344429
  2.233430  -2.167009   3.527676
  2.148181  -2.252789   2.813060
  2.016289  -2.390037   3.227415
  1.400639  -3.401807  -0.412088
  1.764609  -3.453275   0.461144
  0.923170  -3.487587  -0.806922
  1.771369  -3.539055  -0.194398
  0.247485  -3.573367  -0.863478
  1.377454  -3.624835  -0.784698
 -0.388809  -3.659147  -0.506775
  2.023316  -3.676303   0.201963
  0.677774  -3.710614  -1.074663
  1.812805  -3.762082  -0.552590
 -0.107394  -3.796394  -0.922946
  2.093558  -3.813550   0.703864
  1.192815  -3.847862  -1.093507
 -0.707991  -3.882174  -0.339529
  2.140752  -3.899330  -0.139140
  0.343224  -3.933642  -1.212396
  1.704141  -3.985110  -0.899776
 -0.462229  -4.019422  -0.835936
  2.293271  -4.036578   0.396948
  0.898097  -4.070890  -1.313718
 -0.948336  -4.105202  -0.058605
  2.124348  -4.122358  -0.509409
 -0.029180  -4.156670  -1.221083
  2.231674  -4.173826   0.976118
  1.474329  -4.208137  -1.196545
 -0.775881  -4.242449  -0.626341
  2.380044  -4.259605   0.028861
  0.535316  -4.293917  -1.426925
 -1.087884  -4.328229   0.296839
  1.984074  -4.345385  -0.865529
 -0.396205  -4.379697  -1.106469
  2.422883  -4.396853   0.641542
  1.153282  -4.431165  -1.412689
 -1.016108  -4.465477  -0.320852
  2.348170  -4.482633  -0.359236
  0.144426  -4.516945  -1.424003
  2.236835  -4.534101   1.241958
  1.736815  -4.568413  -1.171005
 -0.720501  -4.602725  -0.882172
  2.508336  -4.619881   0.255971
  0.774163  -4.654192  -1.527438
 -1.159731  -4.688504   0.049468
  2.201649  -4.705660  -0.728971
 -0.236331  -4.739972  -1.305848
  2.436111  -4.757128   0.896153
  1.406615  -4.791440  -1.396654
 -0.971296  -4.825752  -0.569700
  2.480056  -4.842908  -0.144033
  0.372577  -4.877220  -1.530041
  2.137236  -4.894376   1.472596
 -1.193326  -4.911532   0.450156
  1.953995  -4.928688  -1.046017
 -0.571853  -4.963000  -1.083218
  2.531170  -4.980156   0.504722
  1.023500  -5.014468  -1.521755
 -1.125696  -5.048780  -0.197297
  2.340429  -5.065936  -0.522248
 -0.015282  -5.100248  -1.420093
  2.347199  -5.117403   1.128503
 -1.113728  -5.134559   0.845239
  1.627302  -5.151715  -1.281861
 -0.832068  -5.186027  -0.775929
  2.513425  -5.203183   0.102616
  0.621628  -5.237495  -1.535085
  1.954619  -5.254651   1.642218
 -1.169913  -5.271807   0.201855
  2.101889  -5.288963  -0.844967
 -0.354853  -5.323275  -1.207423
  2.451782  -5.340431   0.742090
  1.250782  -5.374743  -1.415514
 -0.993792  -5.409055  -0.411536
  2.384591  -5.426211  -0.274167
  0.237092  -5.460523  -1.435599
  2.168768  -5.477679   1.308332
 -1.100129  -5.494835   0.591764
  1.786118  -5.511991  -1.083148
 -0.615416  -5.546303  -0.911476
  2.441637  -5.563459   0.348555
  0.858939  -5.597770  -1.434898
 -1.042249  -5.632082  -0.023650
  2.156679  -5.649238  -0.590840
 -0.094311  -5.683550  -1.232611
  2.273264  -5.700706   0.934838
 -0.922873  -5.717862   0.935813
  1.422857  -5.735018  -1.214267
 -0.772022  -5.769330  -0.560311
  2.317482  -5.786486  -0.014433
  0.489654  -5.820798  -1.337725
  1.913699  -5.837954   1.403520
 -0.972093  -5.855110   0.349852
  1.851536  -5.872266  -0.815810
 -0.339032  -5.906578  -0.945522
  2.256530  -5.923734   0.558917
 -0.654909  -5.940890   1.198645
  1.048575  -5.958046  -1.223602
 -0.806795  -5.992358  -0.189432
  2.090259  -6.009514  -0.308424
  0.182634  -6.043826  -1.131757
  1.996930  -6.060981   1.044238
 -0.787730  -6.078137   0.668226
  1.500159  -6.095293  -0.921842
 -0.466801  -6.129605  -0.603246
  2.115737  -6.146761   0.222649
 -0.322753  -6.163917   1.347031
  0.705605  -6.181073  -1.104450
  1.593832  -6.198229   1.372059
 -0.708990  -6.215385   0.158891
  1.780675  -6.232541  -0.494571
 -0.020670  -6.266853  -0.834242
  1.940430  -6.284009   0.688676
 -0.502543  -6.301165   0.887596
  1.142360  -6.318321  -0.885093
  1.126845  -6.335477   1.499501
 -0.449098  -6.352633  -0.243854
  1.855181  -6.369789  -0.025940
  0.037827  -6.386945   1.347621
  0.443583  -6.404101  -0.855790
  1.611948  -6.421257   1.010423
 -0.471673  -6.438413   0.433818
  1.417802  -6.455569  -0.529460
  0.689690  -6.472725   1.417305
 -0.071638  -6.489881  -0.469597
  1.723289  -6.507037   0.388415
 -0.135174  -6.524192   0.954048
  0.828928  -6.541348  -0.676341
  1.208349  -6.558504   1.127954
 -0.247266  -6.575660   0.083755
  1.477375  -6.592816  -0.122299
  0.381321  -6.609972   1.150939
  0.332232  -6.627128  -0.468824
  1.418247  -6.644284   0.648372
 -0.071496  -6.661440   0.560781
  1.033121  -6.678596  -0.335998
  0.833598  -6.695752   0.998128
  0.125278  -6.712908  -0.056012
  1.276377  -6.730064   0.225102
  0.317494  -6.747220   0.748156
  0.641770  -6.764376  -0.187088
  0.983526  -6.781532   0.617592
  0.314573  -6.798688   0.303564
  0.862266  -6.815844   0.148815
  0.671000  -6.833000   0.314000
  1.791996   0.892972  -2.527167
  1.656639   0.807193  -3.063088
  2.020609   0.755725  -2.189856
  1.179170   0.721413  -3.457922
  2.027369   0.669945  -2.845398
  0.503485   0.635633  -3.514478
  2.051297   0.618477  -1.746101
  1.633454   0.584165  -3.435698
 -0.132809   0.549853  -3.157775
  2.279316   0.532697  -2.449036
  0.933774   0.498385  -3.725663
  2.068805   0.446917  -3.203590
  0.148606   0.412605  -3.573946
  2.349558   0.395450  -1.947136
  1.448815   0.361138  -3.744507
 -0.451991   0.326826  -2.990529
  2.396752   0.309670  -2.790140
  0.599224   0.275358  -3.863396
  2.208870   0.258202  -1.426419
  1.960141   0.223890  -3.550776
 -0.206229   0.189578  -3.486936
  2.549271   0.172422  -2.254052
  1.154097   0.138110  -3.964718
  2.380347   0.086642  -3.160408
  0.226820   0.052330  -3.872083
  2.487674   0.035174  -1.674882
  1.730329   0.000862  -3.847545
 -0.519881  -0.033450  -3.277341
  2.636044  -0.050606  -2.622139
  0.791316  -0.084917  -4.077924
  2.207760  -0.102073  -1.140528
  2.240074  -0.136385  -3.516529
 -0.140205  -0.170697  -3.757469
  2.678883  -0.187853  -2.009458
  1.409282  -0.222165  -4.063689
 -0.760108  -0.256477  -2.971852
  2.604170  -0.273633  -3.010236
  0.400426  -0.307945  -4.075003
  2.492835  -0.325101  -1.409042
  1.992815  -0.359413  -3.822004
 -0.464501  -0.393725  -3.533171
  2.764335  -0.410881  -2.395029
  1.030163  -0.445193  -4.178438
 -0.903731  -0.479505  -2.601532
  2.457649  -0.496661  -3.379971
  0.019669  -0.530972  -3.956848
  2.692111  -0.548128  -1.754847
  1.662615  -0.582440  -4.047654
 -0.715296  -0.616752  -3.220700
  2.736056  -0.633908  -2.795032
  0.628577  -0.668220  -4.181040
  2.393235  -0.685376  -1.178404
  2.209995  -0.719688  -3.697017
 -0.315853  -0.754000  -3.734218
  2.787170  -0.771156  -2.146278
  1.279500  -0.805468  -4.172755
 -0.869696  -0.839780  -2.848297
  2.596429  -0.856936  -3.173248
  0.240718  -0.891248  -4.071093
  2.603199  -0.908404  -1.522497
  1.883302  -0.942716  -3.932861
 -0.576068  -0.977028  -3.426929
  2.769425  -0.994183  -2.548384
  0.877627  -1.028495  -4.186085
  2.210619  -1.045651  -1.008782
 -0.913913  -1.062807  -2.449145
  2.357889  -1.079963  -3.495967
 -0.098853  -1.114275  -3.858423
  2.707782  -1.131431  -1.908910
  1.506782  -1.165743  -4.066514
 -0.737792  -1.200055  -3.062536
  2.640591  -1.217211  -2.925167
  0.493092  -1.251523  -4.086598
  2.424768  -1.268679  -1.342668
 -0.844129  -1.285835  -2.059236
  2.042118  -1.302991  -3.734147
 -0.359416  -1.337303  -3.562476
  2.697637  -1.354459  -2.302445
  1.114939  -1.388771  -4.085898
  1.966057  -1.405927  -0.925528
 -0.786249  -1.423083  -2.674650
  2.412679  -1.440239  -3.241840
  0.161689  -1.474550  -3.883611
  2.529264  -1.491706  -1.716162
  1.678857  -1.526018  -3.865267
 -0.516022  -1.560330  -3.211310
  2.573482  -1.577486  -2.665433
  0.745654  -1.611798  -3.988725
  2.169699  -1.628954  -1.247480
 -0.716093  -1.646110  -2.301148
  2.107536  -1.663266  -3.466810
 -0.083032  -1.697578  -3.596522
  2.512530  -1.714734  -2.092083
  1.304575  -1.749046  -3.874602
  1.681984  -1.766202  -0.957744
 -0.550795  -1.783358  -2.840431
  2.346259  -1.800514  -2.959424
  0.438634  -1.834826  -3.782757
  2.252930  -1.851982  -1.606762
 -0.531730  -1.869138  -1.982774
  1.756159  -1.886294  -3.572842
 -0.210801  -1.920606  -3.254246
  2.371737  -1.937761  -2.428351
  0.961605  -1.972073  -3.755450
  1.849832  -1.989229  -1.278940
 -0.452990  -2.006385  -2.492109
  2.036675  -2.023541  -3.145571
  0.235330  -2.057853  -3.485242
  2.196430  -2.075009  -1.962324
 -0.246543  -2.092165  -1.763404
  1.398360  -2.109321  -3.536093
 -0.193098  -2.143633  -2.894854
  2.111181  -2.160789  -2.676940
  0.699583  -2.195101  -3.506790
  1.867947  -2.212257  -1.640577
 -0.215673  -2.229413  -2.217182
  1.673802  -2.246569  -3.180460
  0.184362  -2.280881  -3.120597
  1.979289  -2.298037  -2.262585
  0.120826  -2.315193  -1.696952
  1.084928  -2.332349  -3.327340
  1.464349  -2.349505  -1.523046
  0.008734  -2.366661  -2.567245
  1.733375  -2.383817  -2.773299
  0.637321  -2.400972  -1.500061
  0.588232  -2.418128  -3.119824
  1.674247  -2.435284  -2.002628
  0.184504  -2.452440  -2.090219
  1.289121  -2.469596  -2.986998
  1.089598  -2.486752  -1.652872
  0.381278  -2.503908  -2.707012
  1.532377  -2.521064  -2.425898
  0.573494  -2.538220  -1.902843
  0.897770  -2.555376  -2.838088
  1.239526  -2.572532  -2.033407
  0.570573  -2.589688  -2.347435
  1.118266  -2.606844  -2.502185
  0.927000  -2.624000  -2.337000
  0.541000   6.148000  -4.500000
  0.572174   6.113688  -4.855215
  0.806101   6.096532  -4.154222
  1.013396   6.062220  -4.800500
  0.237108   6.027908  -5.085125
  1.201517   6.010752  -4.258780
  0.872631   5.976440  -5.208676
  1.405996   5.924972  -4.690167
  0.419340   5.890660  -5.438842
  1.286784   5.873504  -3.871453
  1.270639   5.839193  -5.226088
 -0.150709   5.804881  -5.328899
  1.634609   5.787725  -4.352857
  0.793170   5.753413  -5.620922
  1.641369   5.701945  -5.008398
  0.117485   5.667633  -5.677478
  1.665297   5.650477  -3.909101
  1.247454   5.616165  -5.598698
 -0.518809   5.581853  -5.320775
  1.893316   5.564697  -4.612037
  0.547774   5.530385  -5.888663
  1.682805   5.478917  -5.366590
 -0.237394   5.444605  -5.736946
  1.963558   5.427449  -4.110136
  1.062815   5.393137  -5.907507
 -0.837991   5.358826  -5.153529
  2.010752   5.341670  -4.953140
  0.213224   5.307358  -6.026396
  1.822870   5.290202  -3.589420
  1.574141   5.255890  -5.713776
 -0.592229   5.221578  -5.649936
  2.163271   5.204422  -4.417052
  0.768097   5.170110  -6.127718
 -1.078336   5.135798  -4.872605
  1.994348   5.118642  -5.323409
 -0.159180   5.084330  -6.035083
  2.101674   5.067174  -3.837882
  1.344329   5.032862  -6.010545
 -0.905881   4.998550  -5.440341
  2.250044   4.981394  -4.785139
  0.405316   4.947082  -6.240925
  1.821760   4.929926  -3.303528
  1.854074   4.895615  -5.679529
 -0.526205   4.861303  -5.920469
  2.292883   4.844147  -4.172458
  1.023282   4.809835  -6.226689
 -1.146108   4.775523  -5.134852
  2.218170   4.758367  -5.173236
  0.014426   4.724055  -6.238003
  2.106835   4.706899  -3.572042
  1.606815   4.672587  -5.985005
 -0.850501   4.638275  -5.696172
  2.378336   4.621119  -4.558029
  0.644163   4.586807  -6.341438
 -1.289731   4.552495  -4.764532
  2.071649   4.535339  -5.542971
 -0.366331   4.501027  -6.119848
  2.306111   4.483871  -3.917847
  1.276615   4.449560  -6.210654
 -1.101296   4.415248  -5.383700
  2.350056   4.398092  -4.958033
  0.242577   4.363780  -6.344041
  2.007236   4.346624  -3.341404
  1.823995   4.312312  -5.860017
 -0.701853   4.278000  -5.897218
  2.401170   4.260844  -4.309278
  0.893500   4.226532  -6.335755
 -1.255696   4.192220  -5.011297
  2.210429   4.175064  -5.336248
 -0.145282   4.140752  -6.234093
  2.217199   4.123596  -3.685497
  1.497302   4.089284  -6.095861
 -0.962068   4.054972  -5.589929
  2.383425   4.037816  -4.711384
  0.491628   4.003504  -6.349085
  1.824619   3.986349  -3.171782
 -1.299913   3.969193  -4.612145
  1.971889   3.952037  -5.658967
 -0.484853   3.917725  -6.021423
  2.321782   3.900569  -4.071910
  1.120782   3.866257  -6.229514
 -1.123792   3.831945  -5.225536
  2.254591   3.814789  -5.088167
  0.107092   3.780477  -6.249599
  2.038768   3.763321  -3.505668
  1.656118   3.729009  -5.897148
 -0.745416   3.694697  -5.725476
  2.311637   3.677541  -4.465445
  0.728939   3.643229  -6.248898
 -1.172249   3.608917  -4.837650
  2.026679   3.591761  -5.404840
 -0.224311   3.557449  -6.046611
  2.143264   3.540293  -3.879162
  1.292857   3.505982  -6.028267
 -0.902022   3.471670  -5.374311
  2.187482   3.454514  -4.828433
  0.359654   3.420202  -6.151725
  1.783699   3.403046  -3.410480
 -1.102093   3.385890  -4.464148
  1.721536   3.368734  -5.629810
 -0.469032   3.334422  -5.759522
  2.126530   3.317266  -4.255083
  0.918575   3.282954  -6.037602
 -0.936795   3.248642  -5.003432
  1.960259   3.231486  -5.122424
  0.052634   3.197174  -5.945757
  1.866930   3.180018  -3.769762
 -0.917730   3.162862  -4.145774
  1.370159   3.145706  -5.735842
 -0.596801   3.111394  -5.417246
  1.985737   3.094238  -4.591351
  0.575605   3.059926  -5.918450
  1.463832   3.042771  -3.441941
 -0.838990   3.025615  -4.655109
  1.650675   3.008459  -5.308571
 -0.150670   2.974147  -5.648242
  1.810430   2.956991  -4.125324
 -0.632543   2.939835  -3.926404
  1.012360   2.922679  -5.699093
 -0.579098   2.888367  -5.057854
  1.725181   2.871211  -4.839940
  0.313583   2.836899  -5.669790
  1.481948   2.819743  -3.803577
 -0.601673   2.802587  -4.380182
  1.287802   2.785431  -5.343460
 -0.201638   2.751119  -5.283597
  1.593289   2.733963  -4.425585
  0.698928   2.699651  -5.490341
 -0.377266   2.665339  -4.730245
  1.347375   2.648183  -4.936299
  0.202232   2.613871  -5.282824
  1.288247   2.596715  -4.165628
 -0.201496   2.579560  -4.253219
  0.903121   2.562404  -5.149998
 -0.004722   2.528092  -4.870012
  1.146377   2.510936  -4.588898
  0.511770   2.476624  -5.001088
  0.853526   2.459468  -4.196408
  0.184573   2.442312  -4.510436
  0.732266   2.425156  -4.665185
  0.541000   2.408000  -4.500000
